57.1403	42.8889
57.8091	20.6098
81.3321	82.3589
65.3473	16.0230
52.0669	32.7773
24.9997	95.2817
99.6557	4.4556
86.0161	60.3191
38.1606	28.3618
67.4965	45.6831
68.5861	66.1846
13.2978	76.7838
98.2413	96.9388
61.3327	4.4261
0.4055	13.3973
94.1002	30.2861
36.6146	89.8196
31.4364	54.8982
43.6031	6.4994
58.4546	84.4068
15.6419	22.4299
41.2870	3.6925
49.6603	81.7983
65.7891	53.3484
85.5126	14.9688
56.7235	37.4175
60.1305	11.2916
77.5513	9.6606
16.6364	80.7450
94.7694	43.3232
41.4081	24.5482
27.4703	61.7253
17.8460	11.9483
45.5735	16.4938
64.8725	82.1056
77.7511	48.0133
34.7571	43.4711
0.5009	71.2573
33.1657	31.9423
7.9925	44.8056
58.2849	39.0587
86.9546	67.3353
24.1408	52.5354
91.0534	52.0110
60.2105	6.2774
48.9386	46.1441
40.1130	42.0435
58.4935	53.8667
48.9896	16.5796
44.1347	96.8678
41.5174	3.5318
0.2830	53.5418
5.0573	9.2743
10.8756	45.4078
99.2688	48.5055
45.8640	43.6511
50.1112	44.7087
72.6215	89.7942
69.7870	42.3311
64.9529	90.9541
15.3627	23.7342
61.9112	68.7020
64.2600	58.8529
82.9423	47.8943
80.7589	96.2356
43.5357	85.8846
71.8242	88.8681
4.6236	91.3099
76.6839	96.2379
98.1319	28.5486
67.0001	14.1274
59.5133	91.9580
19.1973	34.9869
7.9746	19.4656
20.7703	9.6001
99.9698	88.7534
46.3760	74.3702
69.5237	52.2455
42.3487	66.4073
55.5520	26.5890
36.4326	62.7267
62.7129	20.9594
60.9773	87.4929
87.1337	65.2263
7.0173	42.3518
8.9022	5.5250
25.4698	45.6874
75.9400	62.8842
28.2485	69.5069
50.6507	50.7530
26.3622	44.1646
34.1526	72.6546
48.2597	44.6766
47.7008	47.9911
68.9639	71.9848
80.1097	40.5257
79.3540	96.4726
99.2349	72.0656
6.5489	84.7287
83.6457	1.6318
